   1.71896372851856        1.01435785458871       0.630987493911904     
  0.126303173301406      -0.211718153443255      -0.482086588324959     
 -0.609591490335684      -3.787778552519810E-002  0.798844447765557     
  -1.24601070172486      -0.874646314696474       -1.20635279214827     
 -0.529429423793132       0.385873646226619      -0.515259280857773     
  0.747632560997456        1.34482967731777       0.481590772763179     
 -0.440140066565804       0.289912194829045      -6.510546386700508E-002
 -0.440431578204450      -4.372748221635135E-002  -1.92599648415679     
 -0.529132191147333       3.912148984961739E-002  0.987411194345766     
   1.66127767170422       9.684611000286303E-002  0.248243401191604     
  0.595072005404667        1.91157642784841       0.693983835045424     
  0.212983529536717        1.51062114870068      -0.836682400208770     
  -1.65290774890336       -1.22023549100324       0.409912996753766     
  7.093395858184059E-002  -1.75083190705197       -2.80389071792590     
  -2.66482757009533       -1.19017100580862       -1.28572836743692     
  0.902742441778368        1.14181311703452      -0.575803374342636     
 -0.373845512304792       0.211961846562913       0.754084360604300     
  0.679091343802245        1.61622714865948       0.244205181913760     
  -1.94371991308911      -0.865461850225426      -0.812957274401971     
 -7.485657031458026E-002  -2.36677991638151       -1.59599797320843     
 -0.208612009969739      -0.513754512956034       0.546560982836600     
 -0.353761699312995       -2.12513360451756      -0.769368685239581     
  0.791992202740638       0.295877190141123      -9.314044032251192E-002
  -1.83032278223167      -0.188019376366134       0.309912553481721     
 -0.395095646741850      -0.948399305489649      -0.667057451715779     
  0.876982128156609      -0.710618557623816      -0.517136017001942     
 -0.117946001965046      -0.620521775261612        1.78642922856309     
   3.21488092045359        1.30471823187953      -0.909692399834915     
  0.104180132948967       0.392936241124453        1.90770161827346     
   1.65815665128718       0.461304756476126       -2.36258996811981     
  -1.82572194311978       -2.15265406298008       -2.04799206834373     
  -1.48070662490942       -2.73638480593915       -3.35468398124786     
 -0.681919707653228      -0.743953748304743      -0.218732872721169     
  0.550631634787369      -0.496994212251424        1.91620040242158     
   2.28953258428186        2.21180974055127       0.569197766333160     
  0.373447786486166       0.503695465005348        1.20565848136979     
  0.149152171885623      -0.340258739501231       0.681263204499210     
   2.01910528530615        1.98808950979555      -0.746785140454532     
  0.514137148254737     
