  0.697823123047760      -3.309208813319553E-002  0.423302877704098     
 -0.147279221725045        1.03596173127473        1.25066265591614     
   1.30296844729650      -0.881467905832465      -0.694005620131217     
 -0.780853861940328       9.011644145378223E-002  0.182705411141671     
 -0.432266709150268        1.68735811393186        2.94883440713080     
   3.54355265835305        3.03289854833564        1.02588565175447     
  0.728752404270577      -0.467442033550229       0.370087119065037     
  0.224795105582315       0.830308730913605       -1.75886694588572     
  -1.16183685969272       -1.57301150258562       -1.15074504541111     
 -0.192018802195549       -1.15165849257412       -1.38754779101715     
  0.988510036439007        2.01882436557921        1.21584119609242     
  0.393724308933466       0.597087554246235        1.95946832649592     
   1.21880744440550       0.964578921125234       -1.32334858628592     
   1.79278216239893       0.313719426428815      -0.794261878765504     
  8.487453074939133E-002   1.30033232447273       0.652628260610616     
  0.189543062469131      -0.839875496523910      -0.124241970719553     
  0.569781208875143        2.00883045293673        2.08889763708209     
  0.146462090788558       -1.18623043295008       0.103628190510193     
  -1.35853625697965       0.786993104994318      -0.484067660720433     
 -0.604737019112022       0.810964921916236        3.04940654048403     
   2.64446433259248       0.297222122653170      -0.395620820108315     
  -1.59466353907127      -0.789969199359595       0.541497380035623     
  0.843327765839811       0.792718293329240       0.502634792024640     
   2.88435698669691        2.56487325801638        1.27672288219963     
  0.526019930436206       0.313722957709410        1.88931488302778     
   1.00470214313687        1.18376321061306        1.17988649425246     
  0.790901044924365      -2.148152384408308E-002   1.52602035120852     
   1.57377362544012      -0.819974478371574      -0.871497081844970     
  -1.35788191750320       -2.10060418888230      -0.480538853460916     
   3.45252703506777        2.55252715784686        1.71896372851856     
   1.01435785458871       0.630987493911904       0.126303173301406     
 -0.211718153443255      -0.482086588324959      -0.609591490335684     
 -3.787778552519810E-002  0.798844447765557       -1.24601070172486     
 -0.874646314696474       0.134272453923791       0.753973333086156     
   1.69566900040320        1.41359656766150       0.133996444867021     
 -0.211733489380599      -0.797113075108820       -2.27577147644779     
  -2.89019901491668      -9.768380281020761E-002  -1.07171203105687     
  -1.62814208555526       -1.54348333486921       0.859446808451128     
  0.450889095351457      -0.966404204430894       -1.68340388504248     
  -2.54760525291387       -1.01016685206917      -0.408911276908785     
 -0.616469590619265      -0.548637633991909       4.368789742559093E-002
 -0.354881531985940      -0.736307413959699      -0.518670983094192     
  0.396930839607261      -0.321604087683191      -7.966869875583932E-002
 -0.185796958475986       0.124328493145954      -0.392894131404484     
  -1.11877862235987       -2.39257924087716       -2.21138057741107     
  -2.53456796439035       -1.89792042381211       -1.99566265032788     
 -0.998520377718926       7.997040472248085E-003 -0.542902185155696     
 -0.904912267029234       0.339836333213058       -1.07388088941620     
  -1.24485087391245       -1.86159016168997       -2.53919031915976     
 -0.747646561963972      -0.131440339935445       0.237070899535557     
   1.16160640180284       5.514682538748417E-002 -0.679427667693966     
 -0.895937055726600        1.74543390748158      -0.365993937907423     
  0.724620081769233        2.28892786911566        2.02691195393580     
   2.19257592352721       0.153942688041846      -0.388954308012576     
   1.95240844540995        2.12997819953473        3.43837460233854     
   3.51648173304152        3.30367238229162        2.42221472438317     
   2.21356271685569        2.09368205235998        1.45450851268062     
   1.82371969392550       0.810250604113437       1.095260789866881E-002
  0.344720941998106       0.503879826326137       0.193676720161444     
  0.460904220073254        1.19969152071599        1.07560108940915     
   2.12655906910726        1.48637975110167        2.18544217411079     
 -0.424739615152495        1.02087501938212        2.51755582652467     
   1.83792860274412       0.324607800563089       9.741868557644301E-002
 -0.282333350499830       -1.99491676296184       -2.78685559647774     
  -2.85342199166372       -1.57300717893795       -1.79117437542320     
  0.439425151061312      -0.747422692780330      -0.212353701613307     
  -1.89112204997595       -2.35176974421535        2.24816256694542     
   1.83478879470002      -0.779423855091181       -1.87623392555977     
 -0.170899209279008      -1.744977568376016E-002 -0.376022564692230     
  0.555401394085819       0.445195635084653      -3.382516539352058E-002
  -1.24607565367312       0.421110054902461        1.11611026075398     
   1.69795425892306       0.854548873293454       0.852731694335310     
  0.916988412352551       0.158211192491586      -0.509849522851006     
  -2.25724979851343       0.478725187951396      -0.728561747768952     
 -0.724860893436749       0.387349857023244       -2.74964736428939     
  -2.32463532957013       -1.76700390448209       -1.26232807818527     
 -0.768924868676110       -1.77905998057190       -1.99866621683809     
 -0.643010542019718       0.152576330637091       0.294047723774556     
 -0.723908157740769        1.01762097570552       0.862089366374054     
  2.668614021642968E-002  0.848022491660446       0.496816625188616     
 -0.737970018940520       0.141332141037014       0.931857390149474     
   1.04223203741468        1.95858910978305        2.77244841462514     
   2.55816953966626      -0.364274361314127      -0.164148880336722     
 -0.347954171817171       0.713121557647914       0.676940483427699     
   1.29507493068089        1.49791841623207        1.00668803485753     
   1.42251800185756       0.392485148937729        1.28414925807089     
   1.94874952051425        3.15171343758493        3.30630952291708     
   1.44555064919235        2.50319647196767        1.51793213088170     
   1.22036346233475      -0.427299539187437       0.207146544688996     
   1.47307075444020        1.56853575823250        1.71858110575296     
   1.64886335470508        1.11898526954319      -0.443225406960251     
 -0.968222274161461        1.36774811572035       0.929355043546484     
  0.763039891229331       0.391640376083239        1.51187799610506     
   1.93501794277665        2.05828062834476        2.14721771084814     
   2.32599446085889      -0.164171303862609      -0.525356725156357     
  -1.47250574596149       -2.52171871792844       -1.65747276351258     
 -7.977932673444366E-002   1.48882208489872       0.960859449582149     
   1.99625516931902        2.51383599149839      -0.366772187965030     
 -0.110128590658610       0.260280150683879       -1.99302215990615     
  0.228938614344470      -2.576585399013104E-002 -0.320782688225265     
  0.123163525602549       0.925965664680330       0.718990149235266     
  0.262814902652554       0.340359363832512       0.417716852006799     
 -0.920340613716221       -1.96202582482320       -1.81306709467340     
  -2.96131991846662       -1.23031055640335       -3.04944349544860     
  -3.77189604137072       -3.03436749849615       0.491370585354200     
  0.160816471277521       0.659864731420407      -0.617287757992642     
  -1.29498485687643      -6.382138590382969E-002  0.570146280330474     
  -1.55581560506615      -0.808190686522422       -1.40339581678586     
  -1.55994312531411       -1.53957850170406      -0.719843161488166     
   2.93366376649650        4.40629735607566        2.83114186221389     
   1.72012555893965       0.685001504479222        2.22124718171509     
  0.498742767433762       -1.39292181482327       -1.57861998353458     
  -2.16414453118931       -2.22665293965955       0.308448151998889     
  0.760713143377817       0.177339958966725      -7.794225586654668E-002
  0.375922187297875      -0.271149638357487       -1.83162556343621     
  0.319208178590956       0.384336877899638       3.729559435383978E-002
  -1.24107820394230       -1.31093983454898      -0.872547126500440     
  0.848699297457081       -1.45882503439273      -0.685472673060162     
 -0.986846147328365      -0.808179686317672       0.942084439228709     
  0.374551080020319        2.68625983084004        1.59204946903928     
   5.11474174113740        3.00661130720823       0.884183228373412     
   2.40426046271028        1.07201898813091       0.169306488398564     
   1.93380419958098        4.16103973815008        4.14244220763866     
   3.28167551974666        1.08264059199725        2.45144137954300     
   2.24096525368921       0.248294005868150       0.394972232807892     
  0.311515297985433      -0.445611299498690        2.52867816828272     
   1.19194953540723        1.90114954054658        1.75173655931489     
  0.721936667004027        1.13758507987828       0.330326863154572     
  -1.70775188029739        1.22910316336638        1.60620624628407     
   1.91339767310405        1.39832682870798       0.487191315704135     
  0.484962205747733      -0.919413166063278      -0.894138102847158     
 -0.806195699143124      -0.195639752849834       -2.29176592743517     
  -1.12148414062178       -1.56778630972938       -1.32145126377382     
 -0.893790271098949        1.75043783557531        1.76230694792000     
 -0.980964243168163       0.463579915723372      -0.539045298044555     
  0.511764451351582       -1.47283293634444       0.370305073747442     
  0.280381746030034       0.642700481761744       0.894007969470715     
  5.758178744302016E-002  0.431198571929407        1.27749531079946     
  9.636919683181946E-002  0.858039953212685        1.70948137203448     
  0.705338525551936       0.864031183120653       0.848153000470371     
   1.19500032532098      -0.547784216853876      -2.259588677089656E-002
 -5.337043157151377E-002  -3.34730121432384      -0.814422718005453     
   1.65131563982618       0.844886637649298      -3.025195729776747E-003
   1.37136421077685      -0.862529957942736       -1.04357135471556     
  0.766919309453640      -0.192938365301629       0.204314395865432     
  0.609441193648543       0.633195163755492       0.650253285353103     
  1.688575482923896E-002 -6.432406265637494E-002  0.155526335966781     
   1.71085132988147      -0.415934963202797       -1.05719821664629     
  -1.44229767712919      -0.342581168523898       7.418230364923102E-002
 -0.612819344630729       0.298186018728748       0.311753331538791     
 -0.429036091618868      -0.634219035926552       9.176860633027362E-003
  0.204402748702595       0.649672101784294      -0.200708110698818     
   1.54357611273434      -0.615917926075363       -2.52555395318327     
  -2.42428599380653       -1.22643691594152       -1.07985197423576     
  -2.08782176315085       0.638854830664740      -0.598273897640452     
 -4.398672341474427E-002 -0.191587765213597      -0.737240378906713     
  -1.83243549028948       -1.15424725394473       -1.27584560358833     
   1.70734438108642      -1.135226277553747E-002 -0.402676636652961     
   1.22517523162421      -0.222649378791634       0.834182497632352     
  0.633839469677347        2.44228658564579       0.518513639520329     
   1.12526159640609      -8.334980932826763E-002  -1.76239115067185     
  0.490754411617602       -1.03151941926296      -0.731834980373541     
  0.381089930265084       0.278791671186391      -0.203742925390583     
  0.966009203032224       0.539836337633477       -1.23433985737074     
 -0.309230639207002       0.933680033951993      -0.425890602227374     
 -0.708602568840099       -1.10512782629579      -0.221043716368851     
 -1.524542298780647E-002  0.183856028693823       0.696906993465861     
  0.641177419196827        1.56821373416904        3.65902813957887     
   2.42894705746815        1.91682486034930        1.15521914890813     
   1.92989156879712       0.128946351200299       0.774644371069308     
 -1.032637095603928E-002 -0.275546148284166       0.871407476060752     
   1.21791544383190        1.37010900119384        1.11376889678602     
   1.80682610376942        2.28320602359085        2.51097834392951     
   2.88711009115473        2.01736379738327        1.40605379677326     
   1.88844088274701        1.96603558062122        1.30440852691325     
  0.592687137768309        1.54872086510606        2.19824470895340     
   1.66078147083399       0.945272881180561        1.39153853608484     
   2.43137490428814        1.46129611806340        2.60818214387355     
   2.72768269274085        1.66285954911962       0.618051141860239     
  0.276682250571560       -2.43595453648870       -2.35846881357448     
 -4.552833180792804E-002  0.241521005459235      -0.253178391583644     
  0.164734643315489      -0.152907479493734      -0.608347798120591     
  -1.31680944142463       -1.17753740850905       -1.05226485076247     
  -1.26729552429251       -1.91073339846033       -2.29043162129306     
 -0.269487185357820       -1.56037694685019      -4.463188121789674E-002
   1.57256377098613        1.16892154365212       0.646594563477674     
  -3.11233583602337       -3.19115891580729       -4.00868729454239     
  -2.07586161425603       -1.82697417314094       -2.29264812809787     
  -1.96105427227986       -3.37550114490680       -2.63152627741286     
  -2.68080922692056       -2.30178153250897       -1.20947347294222     
 -9.954027311699432E-002  -1.23218165702457      -0.663431492894294     
  0.539103415405371       -1.10058882417638      -0.269853152471148     
  0.369645082562236        2.03061871479626        1.42285415465890     
  0.821242466189513        1.25391645739980       0.504813198315240     
  0.805084114578575       0.974565531014871       -1.08580039783215     
   1.48430274635449        1.94367665554542        1.70042363882356     
  0.420826826729980        1.55038351698177        2.26518622850234     
   1.55620244342281        2.79001283149627        3.21453278867492     
   1.99140708559476        1.55721432530608       6.671424662368186E-002
 -0.268667264184528      -0.176919364146212      -0.569009768149304     
  0.860006553326483        2.09441662065756       0.531070279322328     
   1.95369001503203      -0.586763040725471      -0.850948712221448     
  -1.65765505082307      -0.861165467702121       0.611614209647015     
  -1.75149127059476      -0.557253994309981      -0.610301665293174     
  -1.55303335145041        1.05152111013622       0.225270304037175     
 -0.507218601840521      -0.426224319796177      -0.162164319408240     
  -1.86372530724470      -0.803975025562202        1.15423146564079     
  0.640740503560743      -0.229074113156333       0.607696752215451     
 -0.811156009050479      -0.645090814083644        1.46500235475525     
  0.406118557994980      -0.816305594635811       -2.25053242603371     
  0.263647142350537        1.54564327718181       0.730966192157632     
  0.192121487754041      -0.710078666142244       0.530180802179826     
  0.800030618322815       0.992970258346697      -0.204065245405663     
 -4.434079871540076E-003 -0.559042501573879      -0.252429245127601     
  -1.10005070841776        1.08330096802766       0.420085977472134     
  8.718601647689914E-002  0.205040968662515      -9.440041527950818E-002
  0.230683282341083      -0.648118510939312       0.994789363053659     
  0.285895478404666      -0.897180178082689       7.920048475885556E-002
  0.476335851942168      -0.453348482673377      -0.265666989384250     
 -0.691465844357012      -0.799785282306871        1.91983438154568     
   1.01060569878959       -1.55141622508471        1.16112955218119     
   3.02117251319316        1.57050939526410       -1.14129348463466     
  0.844960063302513       -2.69076867188621      -5.234903625012539E-003
  0.557851939610805       3.717852658428576E-002   1.77748550483010     
 -0.231731267285964      -0.941193577489473       8.122292654782989E-002
  0.102316904103244       0.246274964638431       0.320391578060844     
  -1.56177197690496      -0.424057813216286       0.196258549096700     
 -0.113819673054339      -0.452438697781460      -0.352961467766443     
 -0.799208794869018      -0.756367890683780       0.540337639582488     
  0.392066112440034       -1.33637041769719      -0.940140318334312     
  -1.05615665227109      -6.931827905821841E-002  -2.27954105478416     
  -1.78953108092845      -7.328815397954954E-004 -8.689890657650073E-002
 -0.714956761256993      -0.897231248752786        1.08052246459792     
  0.957040073665130        1.00000000000000        1.00000000000000     
   1.00000000000000        1.00000000000000        1.00000000000000     
   1.00000000000000        1.00000000000000        1.00000000000000     
   1.00000000000000        1.00000000000000        1.00000000000000     
   1.00000000000000        1.00000000000000        1.00000000000000     
   1.00000000000000        1.00000000000000        1.00000000000000     
   1.00000000000000        1.00000000000000        1.00000000000000     
   1.00000000000000        1.00000000000000        1.00000000000000     
   1.00000000000000        1.00000000000000        1.00000000000000     
   1.00000000000000        1.00000000000000        1.00000000000000     
   1.00000000000000        1.00000000000000        1.00000000000000     
   1.00000000000000        1.00000000000000        1.00000000000000     
   1.00000000000000        1.00000000000000        1.00000000000000     
   1.00000000000000        1.00000000000000        1.00000000000000     
   1.00000000000000        1.00000000000000        1.00000000000000     
   1.00000000000000        1.00000000000000        1.00000000000000     
   1.00000000000000        1.00000000000000        1.00000000000000     
   1.00000000000000        1.00000000000000        1.00000000000000     
   1.00000000000000        1.00000000000000        1.00000000000000     
   1.00000000000000        1.00000000000000        1.00000000000000     
   1.00000000000000        1.00000000000000        1.00000000000000     
   1.00000000000000        1.00000000000000        1.00000000000000     
   1.00000000000000        1.00000000000000        1.00000000000000     
   1.00000000000000        1.00000000000000        1.00000000000000     
   1.00000000000000        1.00000000000000        1.00000000000000     
   1.00000000000000        1.00000000000000        1.00000000000000     
   1.00000000000000        1.00000000000000        1.00000000000000     
   1.00000000000000        1.00000000000000        1.00000000000000     
   1.00000000000000        1.00000000000000        1.00000000000000     
   1.00000000000000        1.00000000000000        1.00000000000000     
   1.00000000000000        1.00000000000000        1.00000000000000     
   1.00000000000000        1.00000000000000        1.00000000000000     
   1.00000000000000        1.00000000000000        1.00000000000000     
   1.00000000000000        1.00000000000000      -0.198896856700990     
 -0.110905134093817      -0.497951394956257       0.113328440474526     
  0.969080087947653       -1.00957615705647       6.384378230205734E-002
  -2.26396017710292      -0.890583745454892      -0.758006910137790     
 -0.700384091316893      -0.211567450882701       0.319519965280136     
  -1.17422870184199        1.61994737852393        2.63617173370770     
   1.41306712374234        1.77522398045487        1.88956747641757     
   1.69364836197067       0.944600440231339        1.02335584981973     
  0.256401519060094      -0.370747531951351      -0.281445925720608     
  0.757265279657500        1.83726852484081        2.32591200380635     
   1.27764348214333        1.51453171377005        1.73425873089096     
 -0.317847130921475      -0.275783641004507      -0.893494464678730     
 -0.791003191525555      -0.428328361247615       -1.58100801588464     
 -0.673814921142757       0.672447109201167        1.68444475947738     
   1.78154029329988        2.43788040434573        1.89677071674161     
   1.15030488131447       0.993521129179269       0.616294205223538     
 -9.042149946255160E-002  0.901187165924563       8.776566516780587E-002
  0.267531877731750        1.01417082340971        1.60007544877064     
  0.675111782684010      -0.183445221034721      -0.991409277552077     
 -0.897762627220053       -2.75365916538456       -1.83905530605214     
  -1.34188572109452      -0.807124511434370       0.878666069593046     
   2.27230136263866        1.14003710428270      -0.961088802772833     
 -0.929502066744634       0.335744741375195      -0.497958935698528     
  0.705784611278889       1.667459012159411E-002  -1.17479905344931     
  4.908005172209706E-002 -8.161863034110248E-002  0.468042866927761     
 -0.199416599289589      -0.127793974184091      -5.814496395175540E-002
   1.75557606310661      -0.186662601106343       0.803109351537182     
  0.479542177776650      -0.109808771589800      -0.928770980302497     
  -1.10274720145838       -1.92661755094776       -2.77204407361255     
 -0.718531838404104      -0.776988729382110        1.45157222226946     
  -1.42393096877011       -1.92599648415679      -0.529132191147333     
  3.912148984961739E-002  0.987411194345766        1.66127767170422     
  9.684611000286303E-002  0.248243401191604       0.595072005404667     
   1.91157642784841       0.693983835045424       0.212983529536717     
  -1.99942938491994      -0.622860114236577      -0.754149802996320     
 -0.721015657683278       -2.21669061432604      -0.332438026791965     
 -0.753851651117381      -0.406735699696409      -0.191585581621679     
  0.806562434934812       0.275193550496371       0.576378683107992     
  0.456988665276638      -0.706863584808136       0.188236355838102     
 -0.331785556990054      -0.378757869205208      -0.561026561420885     
 -0.717828425923172       -1.15789825156712       7.793734026443544E-002
  -1.62937748913349      -0.888106720936541       0.624988674397509     
   1.33608361665169        1.52867147394287        1.49904344921747     
 -0.294413403213409       -1.89973321286609       -2.83591410656839     
  -2.56182079956248       -1.28487485618594      -0.443224634913516     
   1.09580203184261       0.770297704540543       0.518039655128638     
   1.05087627859651       0.304155822169323        2.22354077441791     
 -0.132052478184483        1.64080094690867        1.14409946037324     
  0.766848668111079       0.640463318099790      -0.690362655544646     
 -0.856889464218570       0.985833864446186       4.139026185253081E-003
 -0.804021820209250       -1.26005758089475      -0.515294687228072     
 -0.489418386027387       0.315823461988798       -1.31753143237345     
  -1.10142249421338      -0.846152656202240       0.491411048509650     
   2.20851858651208      -0.288109092783055       0.259635394928236     
  0.123490760504367       0.322672745991256       0.368970490696466     
  0.132630644703608      -3.353066342729494E-002 -0.904796477163997     
  -1.39099783980462      -0.602631761319314       -1.14233760351983     
 -0.941077198908988      -0.235362609425047      -0.135799634742491     
  0.320073067147077      -0.599029717905671      -0.327898759385983     
  -1.08353874169957      -0.494726503392526       0.619813951367747     
  0.896823254353250       0.579001076284160       -1.28641246189809     
  -1.16297195707572       -1.04257868758537       -1.76685941097003     
  -1.14825769030733       -1.18066408074275      -5.409011998799773E-002
  -1.66632115311443      -0.385490521408185      -0.937943893176380     
  0.434792628840485       2.160157405665353E-002   1.10286649198167     
  0.849833553173756       0.676740191379449       -1.03343482487462     
 -0.553261980022324      -0.883728371540510      -0.438358649118202     
  6.044473208660966E-002  0.988281108696646       0.812541840425403     
  2.246130145842923E-002  0.650796354029117       0.235071709511916     
 -0.360085092515073      -0.979347844666044       2.586124962805531E-002
  -1.64031618177221       -1.03334645283206      -9.994089075626944E-002
   1.03583171942144      -0.190343990084184      -0.564458827654671     
  0.332150230968504        2.01319729240805        3.11153286885089     
   2.90734629598179        1.77068517477191       0.965587389029786     
  0.802749301963092        1.87661080357539       0.906137926302212     
 -0.520757544283407       0.440405030775134       0.479008029254454     
   1.59302865871983      -0.660370075517753       0.456731273922654     
  -1.09446661213091      -0.834945708020167       -1.10386551293655     
  -1.00587907782362       0.263532505650175       0.451730377594231     
   1.39172724357773        2.42361146519418       0.900844364925256     
  0.693195078153495        1.00501492465286       0.369674916174393     
  0.405438797084409        2.42830319895880        1.32089338990681     
  -1.97515152328238       -1.02070612029782       0.705110833462015     
  0.426126462439227      -0.469356050309052       -1.03020518562108     
  -1.36233045280136      -0.721376529770333       0.765237129798760     
   1.49434597203939      -0.244662984705423        1.09307623806361     
  0.431058939117815      -0.315836306342847        1.52534625580025     
 -0.187468921002788       -1.63783444931494      -0.567626142031021     
  0.729013596004319       0.214622598429311        1.03481904764525     
   1.16349408513629       0.109790196196083       0.662274972266064     
   1.61904425546920      -0.160311624602539       -1.56542931102800     
  -1.58387870645451       -1.56861590629450       0.125405886042630     
  0.759320437511381      -0.512760706469439      -2.768268495628978E-002
  0.399094974049178        1.28034716907151       0.309515359224823     
  -1.44353007587093       -1.69855517220911       -1.63181894645615     
 -4.185795471955189E-002  0.175668152618652       -1.02681898769811     
 -0.933947708282888       -1.90924159056436       -2.06958474731277     
  -2.55437232461233       -1.10870125410305      -0.545090028378970     
  -1.14868131542216       0.227860030072534       0.221902501061848     
  0.329006491006537       0.175016161177043       4.652327788819668E-002
 -0.638411881700327      -0.180087507498323      -0.947284280224294     
  -2.39440111253362       -1.98103279045533       -1.13061707859718     
 -0.964472666300749       -1.69005861044373       0.385718303412205     
 -0.673579770807614       -1.08040414305682       -2.15050853952924     
 -0.261699432561789       -1.00328240187376       -1.83725713924762     
  -1.27482561772131       -1.68659545525980       -2.08507496190340     
  -1.66045644811214      -0.403645157939242       0.504795966613593     
  -1.78894890534496       -1.12071446784191      -0.783684702381476     
  -2.28689776863437      -0.581864122396758       0.731807841992480     
  0.118561410809590       0.252617289051984      -0.922703500158969     
 -0.857606846211443       -2.26397514943447       -3.49304594067659     
  -4.01016751868409       -2.55514264291955       -3.46856687063716     
  -3.13912423509687       -2.82628587645565       -3.66355397497139     
  -1.11010944431942       0.963597373238502        1.04104588481112     
   1.80474913843628        1.93452155725239        1.50513324212960     
  0.769554334051910        1.07986017626611      -0.145808444499183     
  0.201183629315059      -0.617849366233727       3.630031827559288E-002
  -1.04238502016342       -2.23424847765067       -2.39234183827293     
 -0.774294503165601       9.570635658412463E-002 -0.852011099606912     
  -2.40337266710058       -1.84082308877910        1.17638000860052     
  0.938171933270794       0.175372984167349      -0.595365405047538     
  0.687150458496572       3.131870519265889E-003 -0.956763826030801     
  -2.35448326480569      -0.455718225361412       -1.61329847124424     
  -1.33563864966107       0.391311334710480        1.36869553575584     
 -0.298708684887620      -0.732940440802607       -1.12767879702526     
 -0.145519158877687       0.650134680747413       0.976789871907023     
  -1.23512268691848      -0.645818314079441       0.897000908604470     
  0.796940157434756        1.08825444097098       5.667172918376823E-002
  0.247826369451170       -1.38456957098619       -1.91072022734383     
 -0.292696459802497       8.882485459494993E-002  0.846391830417898     
  -1.19016881642187       9.857605045910711E-002  -1.48081842864998     
  -1.13132725726023       -2.12434812210602      -0.743935594635458     
  0.462279107048644        1.32360467034737       0.628845776514433     
 -0.463904047973569       -1.35414219220135      -0.367257137778703     
 -2.908463167425596E-002   1.02187440638770      -0.342929656856831     
 -0.829174294541595      -0.333669203612871       0.949158564135815     
  0.840983135881752       -1.15379088040332      -0.720668696578067     
  -1.13165468943216      -0.337883619493825       -1.29791350675536     
  0.945043881026996        1.92290971491215      -0.539987378389894     
   1.85152607674966      -0.789734958028505        1.74999107343729     
 -6.115759456023606E-003  0.196921921344270        1.23082985497436     
  0.405954002704343       0.570196355108370      -0.262006789614326     
 -0.514383946967341      -0.891813077174972       0.426014618622793     
  -1.60155811512022       0.862266646375091       0.553793602995912     
  0.666855150279065       0.202350820203583       -1.08300491336052     
 -0.706281117714466        1.08588919018490       0.626263097423190     
 -0.439718109939660        1.93954395446909       0.190547025481470     
 -0.655646782056746      -0.233107972383681       2.089221954968053E-002
   1.29457303299648        1.19547199975838      -0.334645215243718     
  0.407799930682238      -0.357543372651073       0.828271127276000     
  -1.51382572402034       -1.22375723235007       -2.52889434679746     
 -0.319857458442270       0.262930546217486       -1.24175337846601     
  0.509003027840465      -0.167964969454927       6.587165685696750E-002
   1.04804960186641        1.10604031007068      -0.196326996669025     
 -0.451610525600488       0.139130365802115       0.947685654028028     
  0.340445271683739      -0.105487689537424        1.18083645225402     
 -0.193647089829458      -0.855076263025370        1.75910161148046     
  0.864668574682716       0.527919794285037      -0.242540853711403     
  0.637667863124766      -0.247271247260901      -0.543742458664583     
  -1.66391175303615       0.165861513172706      -0.335463110328264     
  0.739964742552516        1.33249721882490       0.206100681565837     
 -0.861537021477236      -1.921835905652214E-002  -1.28492484440536     
 -0.720886282900390       0.608722355452667      -0.407491550784244     
   1.06225665398650       4.237813865019194E-002 -0.526897902122252     
  0.892611641340067       -1.02124148298401       0.192806914938512     
   1.40484085680292      -2.262828170473880E-002 -0.510784343380763     
   1.23011920117850      -0.163843289737173       0.376106232916899     
  0.143260402361060      -0.688456086756205      -9.243606272216126E-002
  -1.28227112678260       -1.43853315769519       -1.11074968140956     
  -1.29634589338482        1.01843200011662      -2.143393475073763E-002
  -1.54790508055952      -0.703278541527915       -1.23067408123364     
  -1.41920338560006       -2.49260599179696       -3.23696737315014     
  -2.75495172707431      -0.987181788523192      -0.496443201546578     
  -1.71824633230813       -1.23193789095003       -1.59497478727935     
  -1.60807275376521       -3.51353815750287       -3.64667592858986     
  -1.76366051782939       -3.71827646362512       -3.27347594398322     
  -3.82437339063423       -2.63117571136643      -0.860112358503888     
 -0.826024284851030      -1.997551705106715E-002 -0.799705927632020     
  -1.02870104092771       0.839556012423342       -1.14146957261536     
 -0.908613758198637       -2.92464656091105      -0.890333480905590     
 -0.411752288835383      -0.260592626270483      -0.219521760358996     
  2.584214337698418E-002 -0.812316196906412       0.629870463976210     
   1.51083879815144       0.938222439979206       0.112403983990572     
  0.612242545520697       0.858507806109846        1.73151406684203     
  0.380276325941292      -0.777743164410822       4.259006070015880E-002
  -1.56126399172420       0.273943021896110      -0.146747962657589     
 -0.823409183326984      -0.350421382565309       0.399149271325470     
  0.121616811846298       -2.48850201663307       -2.07887408472252     
 -0.630763853915806      -0.814488299787019      -7.449403687642886E-002
  0.791328712736076       -1.37971355652786       -2.26049589173734     
  -1.88692652885408       -2.18225716534171       -3.15046619754831     
  -1.54693724399766      -0.253659011374047      -0.692190735427598     
 -0.172855541896376        1.60922688464757       0.919225045293766     
   1.45073045811184      -0.472785111478653       -1.69481992143216     
  -1.86454221634035       -1.74802689983212       -1.78294897797090     
  -2.76101285421818       -2.35387448656640       -1.14298027812197     
 -0.154846571398582       0.950414624359581        1.58855864149014     
   1.81309396042742        1.07573184056955        1.59583209814116     
   2.23712890548447        2.75042908555794        1.25536318061496     
 -0.538488550228032       0.146583963720236       0.164632143307678     
 -3.592636103039661E-002 -0.103208761362675      -0.276998358980010     
  -1.56065747934550       0.273861338632379       -2.71898547322680     
 -0.132642687488471       0.419749154496750      -0.650352093521347     
  0.456582443442890       -1.07088136819128       7.769113504049871E-005
  0.990952902787273        1.78105223658038        1.77246267397645     
  -1.14438272443099      -0.169185068441574      -0.252286661403561     
 -0.280705346566497      -0.915590534767941        1.02643660720974     
  0.866083952120582       0.584508012544605        1.31983454504358     
  0.615655551071068      -0.423855147082259      -8.124512133584817E-002
 -0.995335567625617       0.246879830337566      -1.259558364232479E-002
   2.26800161961223      -0.303980952977538       0.663958757508254     
  0.463659673881682       0.215958730286161       0.287798663124330     
  -2.06060047372840       0.988399832450154      -0.245696786783367     
 -0.263595562239836       0.963281412466614      -0.653184211308774     
 -0.198863856805828       0.650345485152502      -0.725224266593377     
 -0.435953675840045       0.759261213752695       0.988361173490432     
 -0.454551167399357        1.51871409167086       -1.29162466561522     
 -0.464534873490338       0.231813582119472      -0.421525291122692     
 -8.600320187581076E-002   1.43929296184983       0.480455067757094     
 -0.290503167818113       0.603582285649832       0.458556678076800     
 -0.469638631117531      -0.746409107257676       0.104413252300182     
  4.144351054848563E-003 -0.878903706813115       -1.71168649014787     
 -2.073333238357789E-002  0.352024129285640        1.55359631771425     
  -1.26585980037820      -7.628927992685346E-002  6.769015144518064E-003
  0.736663275288900       0.110637508383190       0.662189370501137     
   1.87587440260237       -1.02243130607754       0.762497930318133     
  -1.06003461915440       0.441825404827228        1.56063486034082     
   1.06626505917739       -1.05816082015753       -2.54716695843023     
  0.311052309004247      -2.431974408678391E-002  0.273817460042698     
 -0.361971381511895       0.547545080349370       0.312324594029396     
 -0.718572558682994       0.592225475232189       -1.39454583116982     
 -0.555057104941144        1.54025339657952       0.102151702520168     
   1.79889389289579      -0.827656675116061       -1.12614363370066     
 -0.735403756478074       -2.24134140011121      -0.324562515636563     
   1.00000000000000        1.00000000000000        1.00000000000000     
   1.00000000000000        1.00000000000000        1.00000000000000     
   1.00000000000000        1.00000000000000        1.00000000000000     
   1.00000000000000        1.00000000000000        1.00000000000000     
   1.00000000000000        1.00000000000000        1.00000000000000     
   1.00000000000000        1.00000000000000        1.00000000000000     
   1.00000000000000        1.00000000000000        1.00000000000000     
   1.00000000000000        1.00000000000000        1.00000000000000     
   1.00000000000000        1.00000000000000        1.00000000000000     
   1.00000000000000        1.00000000000000        1.00000000000000     
   1.00000000000000        1.00000000000000        1.00000000000000     
   1.00000000000000        1.00000000000000        1.00000000000000     
   1.00000000000000        1.00000000000000        1.00000000000000     
   1.00000000000000        1.00000000000000        1.00000000000000     
   1.00000000000000        1.00000000000000        1.00000000000000     
   1.00000000000000        1.00000000000000        1.00000000000000     
   1.00000000000000        1.00000000000000        1.00000000000000     
   1.00000000000000        1.00000000000000        1.00000000000000     
   1.00000000000000        1.00000000000000        1.00000000000000     
   1.00000000000000        1.00000000000000        1.00000000000000     
   1.00000000000000        1.00000000000000        1.00000000000000     
   1.00000000000000        1.00000000000000        1.00000000000000     
   1.00000000000000        1.00000000000000        1.00000000000000     
   1.00000000000000        1.00000000000000        1.00000000000000     
   1.00000000000000        1.00000000000000        1.00000000000000     
   1.00000000000000        1.00000000000000        1.00000000000000     
   1.00000000000000        1.00000000000000        1.00000000000000     
   1.00000000000000        1.00000000000000        1.00000000000000     
   1.00000000000000        1.00000000000000        1.00000000000000     
   1.00000000000000        1.00000000000000        1.00000000000000     
   1.00000000000000        1.00000000000000        1.00000000000000     
   1.00000000000000        1.00000000000000        1.00000000000000     
   1.00000000000000        1.00000000000000        1.00000000000000     
   1.00000000000000      -0.821598813263938       0.495821246380893     
   1.95671647577985        2.53730809324906       6.712525694987714E-002
  0.431699430228647       0.179571568708796       0.730368659738052     
 -0.268820637767118       0.111921591008416      -0.799295465999228     
 -8.317399292570071E-002 -0.311602993630368      -0.719400536506581     
  -1.33895437052092       -1.98281756113544      -0.997141256694991     
  -1.30811190913364      -0.704691483027918        1.89734519274736     
   2.12940018692735        3.32270816236139        1.74205642869560     
  0.612966051173226       0.469397647506494        1.07603160554480     
 -0.231465500555235       1.225248971117671E-002  2.566175741494399E-002
   2.27718487560419       0.280119979833228       0.640385995541714     
  0.563682710284134      -0.608515771607766       0.813603176836970     
  0.383900774663347      -0.722529270952937      -0.735162435332368     
   2.15024881951098        2.32529463821592        3.30771852670991     
  0.542989690062303       -1.13654280773916       -1.48451427972677     
 -0.411379340752720      -1.714955874007551E-002   1.22425551537337     
   1.19177609113043       0.257426238360782      -0.584597630704321     
  0.124912161666854       0.666025303500955        2.25193064996219     
   1.64174864022294       0.228085801432700      -0.271350679830021     
 -0.975569885389286       -1.66859203465210        1.48543851657714     
   1.26857617663989       -1.58147517096658       -1.34160701681992     
 -0.280082569756154       -1.83217248059454       -2.65252359859514     
   1.00490927838339       0.391571002977016        1.09376703383698     
   1.41737102051222        1.34546643134485        1.27974530604886     
   1.47236122829640       0.456037935346235      -0.567881538646945     
 -0.684885842258040      -0.493092745480022       0.729955309194352     
 -0.879755956870909       0.128719004500206        1.70566847255284     
  0.850653421514533       3.229559996135867E-002 -0.986862599262746     
   1.55934286439734       0.398688741102019      -0.853125935409895     
  -1.38720275445097       0.419775886231246        1.77758838029095     
   1.14181311703452      -0.575803374342636      -0.373845512304792     
  0.211961846562913       0.754084360604300       0.679091343802245     
   1.61622714865948       0.244205181913760       -1.94371991308911     
 -0.865461850225426      -0.812957274401971       -1.50534481915083     
  0.410598407534231       -1.02845596933004       -1.33052567601722     
  0.582603790955100       0.626467986738217       0.828109249307312     
 -0.240692633775882       0.563554474624232      -0.665498866998565     
  0.206668484095509       0.246575796348214       5.341128459956074E-002
 -0.494083358633479       -1.14353198069031      -0.944204036471314     
 -0.737251482585574        1.26358981196743        3.69091557939116     
   2.32727152950244        2.52014493222879        3.19158763987464     
   1.53763588319571      -0.204668586277479        1.30600795950084     
  0.848927136485695        1.31801237178359      -6.434321247482977E-002
   1.43883883767214       0.288247706240737      -0.443251601026601     
 -0.513295136238765      -0.212760513086322       0.943890465655860     
 -0.959727189271644      -0.424206506761967        1.91331024840102     
   2.59178768484991        3.41435701689491       0.993967647846021     
  0.102682833921586      -0.498157331787440      -0.125174113481751     
  8.088807595617167E-002   2.61451488543475        1.19834860516312     
 -0.386605951425492       -2.20558492467293       -1.87170598735108     
  -1.08820328419909       -1.19893801802921       0.180532894789504     
 -0.145659080465600       -1.10032310202155       0.357680444576136     
 -0.886608408536184       -1.33337632291235      -0.590600710819687     
 -0.178081661165140      -6.577637329898667E-002  -2.53270307244239     
  -2.10614653781413       -2.74668560134827      -0.724366345912903     
  -1.02062850149158       0.776068338557628       0.413792337510900     
  -1.61029211823325      -0.639569437063106        1.11252127443841     
   1.01564897363223        1.11443161450601       0.636010286487967     
   1.20940786301978       0.237927552759606      -5.846624570983872E-002
   1.98052553991587        3.51956137569999        3.11869804719435     
   1.38536015115510        1.17304801822177      -0.162102631833561     
  0.389224442032950      -0.452808689278620      -0.487294530871701     
  0.253871411398417       0.811017658705613        2.04686476770030     
   1.59026607007086      -2.485662525683729E-002  0.283890681494269     
 -1.233124992249335E-002   1.15850875139445       0.318662835228622     
  0.963463499746675        1.55364510390718      -0.254144802349085     
 -0.459456192202320      -0.260635067270835       -1.26057948751030     
   1.04805610941640      -0.413499634645212       0.779411507251876     
  0.459841362711445       0.163236369851273        2.31672112711991     
   1.48965229875899        1.15398280734231       0.292302239978487     
  -1.12013810361828      -0.344118719923688       9.497832101443282E-003
  0.821740436934224       0.326911690558978       -1.18748263459421     
  -2.56935747841121       -1.21559634554502      -0.858398280583345     
  0.832295154640680      -0.424531991274491       0.583462661625651     
  0.982139971209998        1.17447054965907        2.08089405681428     
   1.50848998352969       0.334255116996368        1.19382196660398     
   1.96237953651596       0.304525630021128       0.734772087641085     
   1.01052550332922      -0.407840430081031       0.276080257203635     
   1.77027150768349        1.31758536980911       0.540853804011024     
 -0.121839297851620       0.159189584972745      -0.212605838467630     
   1.71924371086792        1.72409891648872       0.169714411571222     
   2.17844601372566        1.57286914175248       2.798132322923425E-002
  -1.13685137418942       0.850960226661962      -0.885652728973819     
 -8.351860876288572E-002  0.119351772190912       9.106277576500588E-002
 -9.431667731933720E-002  0.948518389163757        2.37337439105856     
   1.82195712244831       0.470866817783678        2.03292333066600     
 -0.116381605573860      -0.238877705198185      -0.895935710827257     
  8.248786068611261E-002  0.419596793443096      -0.530572388962133     
 -0.467085583526764       -1.42636421268429       -1.57135434861895     
 -0.107263746929119      -0.595603939823667        2.54913328283816     
   2.85551961067532       0.845904624304954      -0.309259892172706     
 -0.429863942488794       -1.39163457597092       -2.04039661079799     
 -0.968800324771956       -1.48605440632799       -2.26573195966847     
 -0.257066854791958       -1.20567756779093      -0.199658983314603     
  0.135064432730718       0.835534956683013      -0.494402635499614     
  0.657829091555164       0.165406244291634      -0.226880619280726     
  0.163907597090654       -1.51781294951914       -1.72641546232236     
 -0.337704549383852       -2.32947792654555       -2.11342669230415     
 -2.670011611162537E-002  0.652548364043524      -0.511730025123511     
 -0.783627268329955       -1.26409132858177      -0.494974792509832     
  -1.40033227250084       0.422178731594641      -0.277646767887733     
 -0.844705364086838       -1.76848453932380       -1.12330941988075     
  0.698606247446746       0.725768068458309        2.10630126942176     
  0.919560897642466       0.476936408286426       0.333809377475610     
  0.842470931921341       0.875725474637169        1.02815090376363     
 -0.623500082035884       -2.85692643061824       -2.50551544127230     
  -1.99006308375774       0.655557041946870        3.12055564050786     
   3.31519063000577        2.71362689498893        2.54434744357818     
   2.65842928668026        1.79266614406466        2.07203992971991     
   1.14576869350954      -0.302177969368143       0.106788219346351     
  0.594793576468017       1.453181733561287E-002  0.136349654136322     
   1.19225588890749       0.958936093792728        1.12881017965478     
  0.735143008800679      -0.837536386484978      -8.349750570371917E-002
 -0.288089764705831       0.678871113885710        1.18837643622843     
   2.29072627940257      -0.754037646784057        1.01815371924031     
 -1.026501549099013E-002  0.299029016219013       0.720391764032132     
   1.44503733170808       -1.08665127952535       -1.08414956394053     
   1.39184166548127       -2.46304259781594        1.96685329840794     
   1.97069371306110      -0.676501185070518       -1.77080317820155     
 -0.237624286032675       -2.79325322880516       -1.74094596722136     
  -2.72059564090148      -0.213047182280590       -1.96650788135250     
  -1.24514680763186       -2.85301883645952       -2.44761322499589     
  -2.30766318309286       -1.79423785719505       -1.44572222569710     
  -2.19645402161261       -2.56786646870680       0.949614910797995     
  0.783869508491857       8.882181159966529E-003 -0.266307096776401     
  0.623414173085230       0.374083404280097       0.622950007279459     
  0.643917113548996      -0.645056822241012        1.35645805346300     
  0.930069843620525        1.71032840434563       0.710170489541507     
   1.28910783855626       0.219484766117709        1.08981904356778     
 -0.444577575669850       -1.02467418836971      -0.938069077629579     
 -0.432454671166211      -1.543338873160346E-002 -0.979009045363079     
  0.717605903876227       2.427274613672437E-002 -0.823803908660239     
   2.12144613763525        1.24873755917887       0.719232464236287     
 -0.666613403666112      -0.209976122330795       1.142975928202927E-002
   1.08941678837885        2.23041811702719      -0.794310225407316     
  0.481165032087965        2.96363378894266       0.506105864894118     
  0.655305195192668      -0.197460018975643        1.55795985651419     
  1.431934519969436E-002  -1.82367755409683       -1.83196414597003     
   1.09380078240199      -0.851216153452988       6.009300266915041E-002
  0.162121837744814       0.844365290753301        1.81293428231401     
   1.84380526584027      -0.313677326423449       0.274451206840105     
   2.89963457782309       0.196478536506332        1.02505328424820     
   1.57928919233992      -0.345085006098483       -1.82948676229881     
  -2.62977488810315      -0.722978410138219      -0.827604438824098     
  0.264364947563802       0.817924808136475        2.04617999351966     
  0.803976976467489       0.184460722859067       2.647879725760493E-002
 -0.409177565714568       -1.25330173810935       -1.19782173996205     
   1.79156493132265       5.607264251052058E-002 -0.128884166782836     
   1.41806738266524       0.227812446865205        1.68835599980849     
   1.25374781467355       0.852132495381669       0.368261015509626     
  -1.23164078298398        1.31055480333292       6.581874791187098E-002
  0.386679580243983        1.18557897449080        2.89539211203202     
  -2.02281216036104       0.778376782158521       0.167399146206355     
   1.39629153424617      -0.629128984087846        1.06003358896670     
  0.252821131207496       -1.61499081414389      -0.896348936994902     
  -1.57678106623391       -1.22607349816870      -7.466449773045858E-002
   1.75811286539999        1.44466605758437       0.667303448963904     
  0.386836219374305      -0.502724460455084      -0.174871755400606     
 -0.469616109163346       -1.79338109937894       0.711049595595910     
  -1.07735150627340      -0.968172175967107      -0.249306751755313     
  -1.63263809864241       -1.47749814869743      -7.367210098940383E-002
   1.56877793844355      -0.290510012979695       -1.25627583879085     
  -1.30344464489785       -2.03559558136080       -2.57661405405509     
  0.293995885221847      -1.795845707899979E-002  2.006793090673059E-002
  7.451965850978609E-002   2.00615892951509        1.97983080406053     
   1.01850321218633      -0.385315215136860      -0.791780556655700     
 -0.751718456965583       -1.97858477186399       0.850672903250508     
  -1.77057142250660       -2.11320642869198       -2.31007308064280     
  -2.13349246561070      -0.927658498385637      -0.664472527892100     
  -1.02806183049927      -0.861477937465137       -1.79568159663515     
 -0.812471062397254       -2.75408026866912       -2.33889349104543     
  0.397055992151712      -0.884223169025720      -0.765427153071071     
  -1.53925789896229      -0.657695825438083       0.101236666961226     
   1.26472683966325      -3.826154140146021E-002  0.272106154185178     
   1.58781199461085        1.75316003527201       0.778910819851121     
 -7.169908429431104E-003 -0.469648149099155       0.366348163230388     
   2.78983334907029        1.79587970134363        3.48328514204332     
   3.00530183370499        2.39127204098512        1.40012485821888     
 -0.764147370781800      -0.969089111090541      -0.507959040934646     
  0.919306027394263        1.90711092086145       -1.08501710521400     
  0.421813003878276        3.51398196522853        1.00137380129370     
  0.520243909704482        1.28656296623861       0.167499745094053     
  0.793580188542111       -1.90407369222046       -1.23631436668632     
  -2.76442484707161       -1.40053935304539      -3.145640545399875E-002
  0.720998082475937       0.583245054168037      -0.597813419197905     
  -1.92197421070567       -1.51709930860931       -1.92076804704128     
 -0.586012847068364       0.424565525560040       0.516670270799376     
   1.23557626800453       0.176116360144879        1.36841886113490     
   1.25732548614779       0.480527895998218      -0.309240388858046     
 -0.786636767137599      -1.851371241883493E-002  -1.47073726838910     
 -0.808550588836167       -1.19843433020106       0.698324783507843     
   2.45368106028331        1.99475637733945        2.34115346292907     
   1.78562983252824       0.749545604461439       0.391907339047380     
  0.921327385722991        1.39550448591419       -1.25706161851404     
 -0.223502714837952       -1.18232495779900      -0.475294466472401     
 -0.484847956016302       -1.66714976152447       0.204001962058800     
   2.09806276869480       0.828699651434873      -0.494935930231074     
  -1.06479727984241       -2.70693294150623       -2.68429704086873     
  -2.46056897695269       -1.61524494452350       6.394620371857940E-002
  -1.54021629935409       -1.58725056462894       -1.62396778979267     
  -1.81269432378980       0.775545745949933       0.548234860195531     
  0.466121456893258        2.07101544698750        1.48633071943818     
  -1.35244072911900       0.575946874896637       0.160846241047948     
   1.52773947897128      -0.248123125470798      -0.473076127457315     
 -0.673572072979257       -1.31224050335069        1.29887055993743     
   1.14611349495095       0.877320827138076      -0.752037482141299     
   2.03142927387053        1.29891218518905       -2.07609454251342     
  0.515721214159275       0.130430820106384      -0.764860758451519     
 -0.495046281618045       -2.48907939778505       0.423750502914684     
 -0.253936792953723      -0.104482108247230      -4.988181462642882E-002
 -0.774802053793965      -0.504808348338697        1.30154997394293     
   1.48224397588500       1.454432166973899E-002 -0.254960592202993     
 -0.398122943600038       -1.11796418723708      -0.805321076212050     
 -0.551729958945407       0.103596041003853       -1.52842172721099     
 -0.679467479185180      -0.688084368970677      -0.616110059333250     
  0.165168182314251      -0.209447921919822        2.11596992380485     
  0.359333331260980      -0.179742559254618       0.492614366717633     
 -0.221650228571666      -0.241231745715092        1.14811681071264     
 -0.396862355252356      -0.522849021805512       1.747449511318165E-002
  0.689974114448962      -0.350507192408124      -0.680385526161084     
  0.574913578697140       0.328850546513526      -0.112388454610002     
  0.275278608673542       -1.48385807040424      -0.373851064542982     
 -8.547016558626995E-002 -0.244082787350114       3.387543173811260E-002
 -9.341618528641479E-002 -0.499179992378928      -0.254220127588971     
  -1.77581047598833       0.316640050398619       -1.02644861366353     
 -0.938890759874257      -1.027689674129411E-002  0.523392145396811     
  0.185168725698229       0.497270656051002      -5.770296158422092E-002
  0.106625049757353       0.802013898227489      -0.753740309690919     
 -0.590934162023738      -0.162766309064397        1.13853055862889     
 -0.174975583530391      -0.575806457422480        1.23660532375552     
  -1.18193509493438       0.644704201404427        1.26761204420386     
 -0.933802917845278       0.100151972063861      -0.426790435141032     
   1.19592542143350      -0.552906475129959      -0.742180085562417     
   1.57571320522540      -0.469979232582777        1.00000000000000     
   1.00000000000000        1.00000000000000        1.00000000000000     
   1.00000000000000        1.00000000000000        1.00000000000000     
   1.00000000000000        1.00000000000000        1.00000000000000     
   1.00000000000000        1.00000000000000        1.00000000000000     
   1.00000000000000        1.00000000000000        1.00000000000000     
   1.00000000000000        1.00000000000000        1.00000000000000     
   1.00000000000000        1.00000000000000        1.00000000000000     
   1.00000000000000        1.00000000000000        1.00000000000000     
   1.00000000000000        1.00000000000000        1.00000000000000     
   1.00000000000000        1.00000000000000        1.00000000000000     
   1.00000000000000        1.00000000000000        1.00000000000000     
   1.00000000000000        1.00000000000000        1.00000000000000     
   1.00000000000000        1.00000000000000        1.00000000000000     
   1.00000000000000        1.00000000000000        1.00000000000000     
   1.00000000000000        1.00000000000000        1.00000000000000     
   1.00000000000000        1.00000000000000        1.00000000000000     
   1.00000000000000        1.00000000000000        1.00000000000000     
   1.00000000000000        1.00000000000000        1.00000000000000     
   1.00000000000000        1.00000000000000        1.00000000000000     
   1.00000000000000        1.00000000000000        1.00000000000000     
   1.00000000000000        1.00000000000000        1.00000000000000     
   1.00000000000000        1.00000000000000        1.00000000000000     
   1.00000000000000        1.00000000000000        1.00000000000000     
   1.00000000000000        1.00000000000000        1.00000000000000     
   1.00000000000000        1.00000000000000        1.00000000000000     
   1.00000000000000        1.00000000000000        1.00000000000000     
   1.00000000000000        1.00000000000000        1.00000000000000     
   1.00000000000000        1.00000000000000        1.00000000000000     
   1.00000000000000        1.00000000000000        1.00000000000000     
   1.00000000000000        1.00000000000000        1.00000000000000     
   1.00000000000000        1.00000000000000        1.00000000000000     
   1.00000000000000        1.00000000000000        1.00000000000000     
   1.00000000000000        1.00000000000000        1.00000000000000     
  -1.54532481985847        1.28306574345075       0.620749950182465     
 -0.863969329235751      -0.781642371853548       -1.25435669006304     
 -0.692382764611322      -0.756199676294588      -0.301650536332307     
  0.656476299158439      -9.222617700737390E-002  0.327434418984983     
  -1.80699715988069       -2.69659091574295      -0.842555874992022     
 -0.429859007745498      -0.510254227432593       0.931394645769564     
   1.04994384869055        1.28510300528904      -0.790476857882795     
  0.623411363897775       -1.14958565339886      -0.271057081001326     
  0.300638410760877      -0.912724549974012      -0.957612171633257     
 -0.437920186535401      -0.395204965351101        1.22059024653596     
   1.78240257432011        2.16963977815206       0.330230433402672     
  0.848619062343511      -0.370278693842867       -1.51946212378087     
 -0.942777700698147       -1.07848609782643      -0.579258083942132     
  0.100842753895292        1.65919458308672       0.268267011297905     
  -1.44155219511122      -0.833716655556392      -0.192506490875527     
  0.161302780117148        1.41601583066875       0.983602655963270     
  0.126644917079220      -0.649204555599250       0.652505560153606     
  0.214514610370847        1.30708162755142        1.43275767906249     
   2.07565299655989        1.56683638512365        2.63255816857439     
   2.25137618424943       0.899127316439686        2.10094237224138     
 -0.272530844856891      -0.951714227188599       0.252345540887524     
 -0.767659273534485       -1.35113703434580        1.43284623255782     
   1.00166267412237        1.53826532597405       0.902777165222292     
   1.63164957912753        1.15823116300820        1.66413705211126     
  0.747917972141968      -5.600610726288788E-002 -0.872988948367600     
 -0.529739402386175       0.295543496825249       0.373757266680147     
  0.499857048883749      -0.915437200185840       -1.03390441790991     
  0.761585837129075        1.24776541393825       0.375259877059952     
  -1.25548100955847       -2.45756917670187       -1.69245837747791     
  -1.85979476044057       -1.32968185627239       -1.83032278223167     
 -0.188019376366134       0.309912553481721      -0.395095646741850     
 -0.948399305489649      -0.667057451715779       0.876982128156609     
 -0.710618557623816      -0.517136017001942      -0.117946001965046     
 -0.620521775261612      -1.924416328674339E-002   1.43434855247603     
   1.79125989423639        2.54072899728557      -0.121561769681581     
  0.972661981554543        1.29225953210243      -0.761739520706689     
  0.241097399315759       0.491390485570895        1.35553712417756     
 -0.990262991328941       -2.30944166323008       -1.32907383216447     
 -0.985591559114078       5.437557004351556E-002  0.686819701697708     
 -0.276196942306354       0.263260617082254      -9.388558459571952E-002
 -0.971229330778897      -9.378744025249269E-002 -0.695262766386159     
  0.135677447215467       0.417964064081760       0.867160884384246     
  0.267038755554365      -5.459751728983275E-002  0.301082285434150     
  -1.05910173991378       -1.19407413930463       -3.50411220000936     
  -4.05653533755645       -2.34907432614954       -1.25560629985500     
  0.979652331793642      -0.881755649892334      -0.109658486429428     
  8.375030347702489E-002   1.14034616203108      -0.884911590909603     
  -1.37860769054034       -2.68089804519461      -7.593224736977655E-003
  -1.11787696493071      -0.657674219505901       0.764906782906834     
  3.788224720694430E-002 -0.863952788033663       0.317680503308573     
   1.16275318989219        2.79198884015366        2.83637468605239     
   1.07118115662292      -0.737361524559283       0.151817483047352     
 -0.305077489373872      -0.795242668409525      -8.164320439388695E-002
 -0.456662630953382      -0.448173436461371       -1.19658044035236     
  -1.08519647734416       -1.29380599838638       0.782275523835191     
  0.808883865548361        1.58541579656877      -0.284233808647982     
 -0.245052181688193      -0.260225018409153      -0.398587678408217     
 -0.778025268248259       -1.05238675262544      -0.107976336895320     
  -1.30156580228771      -0.977286056413331      -0.183480465469776     
  -1.18340070594560       -1.14611037257892       -1.32160777963061     
  0.249194075037585        1.63396323523955       0.444741746992905     
  0.318992804465658      -0.939400622617030      -6.676925764078390E-002
  1.415232624411455E-002  -2.26532295551662      -0.911160311352794     
  0.207765667025079       0.854160368260526       0.117296218623538     
 -0.394369405430716       0.579030688953946       0.178225282617055     
 -0.394056624022847       0.184081756817968      -0.161520026611699     
   2.74087629640227        1.84922579588799       0.683232181095207     
  0.220466831342888        3.22582401109977        1.85885743792397     
  -1.31715603973263      -0.827325285867283      -0.496900850520682     
   1.82739302758409        1.13696569954527       0.847006571671169     
 -0.232599238193579       -1.86206569397561      -0.644182922554981     
 -8.974622385993658E-002 -0.560014287275690        1.42295746044636     
 -0.151853413447318       0.615525107230296       -1.29114576514259     
  -1.00965533416909       9.620902160472497E-002  0.287674396945018     
 -0.947044706759377      -0.233960607913355       -1.68013082869535     
  -1.28109705510911       6.786240935126653E-002 -0.552915792153822     
 -0.344315101242816       0.176987131601203        1.39188137044290     
   1.38154900123010        1.75942062466192        2.04593767730795     
   2.42354157685155        1.89142613468418        1.27004343593168     
 -0.848122891579637       0.461836696773448        1.03514117671208     
  0.686573845069516       0.275556485212111      -0.780599471100881     
 -0.557156300004972       3.099502882019967E-002 -0.199220140926530     
  0.353336474736334      -0.542462524149268        1.27157787238771     
  -1.24275207013540       0.699538304997397      -0.147457214260675     
  0.785278321630754       0.696806001855468        2.61478014039557     
   1.76886442252239       0.572252761374494        1.87252081982970     
  0.635276896028402       -1.08754720916780      -0.127901584277893     
 -0.774719707396559      -7.885454697993266E-002  0.210126915706966     
 -0.404672802254072       0.486505686113813      -0.532800657623778     
   1.06286860111037       0.611708885415508        3.05213642178089     
   2.25356805889670        3.68313288205927       0.373048314102455     
   1.05836392607859      -0.166954876809027       0.133105478577319     
  7.715829574162042E-002 -0.533086173344130        1.53485276877426     
   2.31834056193874       1.755867590981175E-002 -0.270166981872609     
   1.07396664998284        1.37359601951330      -0.117653207141667     
 -0.761227585298967      -0.214636606452774      -0.132802040538940     
 -0.662543600344095      -0.485917997173216      -0.213682377578911     
  -1.72809656742039      -0.591252166262221       -2.56644502979583     
  9.315840427103006E-002   1.73244635228231        1.58718651292899     
   2.01368043713045      -0.396494788943412       -1.46967017150627     
 -0.652657856477845       6.537238107443566E-002  1.098531625467669E-002
 -0.465963658129802        1.06397571460243      -0.113051465593078     
 -0.227471069768875      -0.799519084652669      -0.560015643413254     
 -0.171423884704478        1.10272144799264        1.41814496116506     
   1.94262489921710        1.03493510714211       -1.17836719956552     
 -0.850467839436696       0.767938051293420      -0.642708798638384     
   1.15345018318684        1.50903977973707       -1.08502635254395     
  0.329137674263305      -0.534237753264237       0.201967420176716     
  0.323902532085887      -0.544965763256529       -1.82902076474148     
  -2.17489436956710       -1.25176648650970       0.740321068467019     
  6.362541581736458E-002 -0.583756683517766       -2.89817819053924     
  -5.66416319435908       -3.37362360325582       -1.89301460276747     
   1.54839680066964       0.660697104800379      -3.878108185192930E-002
  4.262641057810218E-002  0.253681765533150      -0.314794847964201     
  -1.10195935821437      -0.893244280227346      -0.692818900930654     
  0.287017465339904       0.284082022978832       -1.13543087657804     
 -0.670989711760421       -1.50744867737209      -0.207119989173781     
  0.834923249156676        1.38937053358751        1.17471498108666     
   2.01817942583180       5.449340254457946E-002 -0.241306016123385     
  0.250968718658817       -1.82468801426414       -1.67126846292432     
   2.43976927982010        1.97340284065107      -0.379085220202251     
  0.136262512664167      -0.534762133118506        1.38216829835506     
 -0.742523441578196       0.154027308505772       -2.08229563971843     
 -0.533460185112035      -0.430483798228738      -0.303680950624067     
  0.597409144505226      -0.822395776066661       0.726442119051295     
  0.325793581033397      -0.465343753158334        1.40057633659063     
 -0.431347813254482      -0.278105926983437       0.320891828115303     
  -1.60577571060642      -0.736860584129951      -0.230085059402770     
   1.15033097497418        1.53699561388336       -1.25333396920139     
  -2.06669209872958       -2.87979519946628       -1.12618768962999     
 -7.970532161399685E-002 -0.179688319428926        1.13417246942038     
  1.596147439048629E-002  -1.51699569431615       -1.88143526766970     
  -1.36212719763653       -1.26910851493033      -0.621429294596995     
  0.324512376591479      -0.894434362195919      -5.204074247501983E-002
 -0.240873228817231      -0.499692951836382       0.526855614066683     
 -0.279581362094738       -1.11803407401105      -0.846033086879640     
   1.86308970962321        1.83068769119487       -1.07447675330879     
 -0.687386854148071      -0.381931663136714       -2.17293676715846     
 -0.697864528384870      -0.825119908897689      -0.752333799247538     
 -2.770133745245432E-002  0.813393533388887      -0.686764704818394     
   1.12558090323111       -1.47762755946148       -1.90711614279103     
  0.749459919139071       0.813594603706685      -0.534889452268172     
 -0.723273147300201       -2.38289331261012      -0.553381442581266     
   1.37321894709420      -0.546819044947086       0.184814665815191     
   1.54012960333703       0.297440032669226       -2.09394542382560     
 -0.631644341339319      -0.228973627224807      -0.414238681725770     
  0.255860820456960      -0.688506927186443      -0.799989435444998     
 -9.865563200049328E-002 -0.331918158992795       0.717272570653424     
 -0.437957031772055       8.057426174139376E-002 -0.105163314951846     
 -0.381201777861524       -1.08320681024631      -0.604324358873073     
   1.09612414399960        1.42301305986479       0.166002033715072     
  0.678543804082224        1.46602939402592      -0.369596292427474     
  0.476935363292704       -2.46555295269888       -1.70587698295832     
 -1.001276670888629E-002  0.277399177733178      -0.594218637485602     
 -0.678758195586940        1.13445811105203      -0.156723460967476     
  0.881544078910877       0.869793830054306        1.17060270071091     
  0.794501705955379        1.18666764255425      -0.123470768614898     
  0.667453691463496       0.303270394747474       0.679493381706651     
  -2.21299302934238      -7.809470548769815E-002  -1.39059099728834     
   1.18348892261348       0.470157186779754       0.745418790001353     
 -0.629703912923423       -2.25331901122721       0.321349068903852     
  -1.47262307524773       -2.08528693530496      -0.603595818727755     
  0.991069524277572       0.714627118214442       -1.52407365380237     
   1.28269505240090        1.13868979581088      -0.291599791683643     
 -0.643648603829992       0.848066808010583        1.78475620138611     
 -0.640332547218803      -0.352585556918436       -1.28435959812851     
  0.419272189295609       8.665241906209301E-002  6.625936233127505E-002
 -0.631277344117945       -1.74472426818282      -0.589432289831881     
 -0.899586776202489       -2.42960668338304       -1.28172321680117     
 -0.546499930343225       5.217403397334530E-002  0.225298006580381     
  -2.51731008745992       -3.00205081423074       -2.90643736267725     
  -2.34920878071194      -0.633670206060139       -1.64541292399777     
  -1.72138709766648       -1.22296636941321      -0.335899474519550     
  -1.23493712896839      -0.765280035511823       0.328868955592351     
 -3.716343599126193E-002  0.123824032781426      -0.336369395246924     
  0.323248237950503      -0.444419021748570      -0.251422052215071     
 -0.613034596509423      -0.722324742072999       -1.15207260852149     
 -9.212746145944484E-002   1.58505901972073        2.49139666192765     
   2.32265247339952        3.58073897872440        2.61062531471160     
   2.78860117624934        1.60940558847222        1.12211621431049     
 -0.281837328489622       2.656251800555565E-003  0.324811943312673     
  0.348818793652578      -0.453032600537052      -0.434013713438243     
 -0.774358339922030       7.046548259144325E-002  0.583708544536789     
  0.862937824216813        1.24153249246989        1.46379403823394     
   1.90611228195397       0.228641045377672      -0.217091205154973     
  2.099646229428703E-002  0.130515719554521       0.222101367364720     
  -1.36303811117447       -3.01227885663893       -1.84854814672294     
 -0.305829744498346       6.265022261475672E-002 -0.115825886724437     
 -0.965716522689637        2.11314417468529        1.05686407826081     
   1.53127420890917        2.38570797055847        2.38467985103212     
   1.72977488337071       0.116431286894544      -0.134235360192129     
 -0.118345499535283       0.860057023256539      -7.075235976882310E-003
  7.663888611987599E-002  0.206017752444730       0.674317527984768     
 -0.307898172329637      -0.657764731581761       0.579125469111965     
  -1.48828940271862        1.09042576727341       0.696909159205427     
   1.84652411099098       0.908798636052362       0.797113866357878     
   1.05666240875458      -0.138841500042281       -1.21411516557514     
 -0.516456575877432       0.349215317920381      -0.633181415888962     
  0.793932622737295       -2.60300931183890      -0.968859601386990     
  -1.84125325029285       -2.07149539879479       -1.80062779005449     
  0.428868888888245        1.21516160651070       0.667119310169522     
 -0.725462487836676       -1.74254089848701       -1.20064036268529     
 -9.544341786382892E-003  0.140511771267773        1.21137328524551     
 -0.124531350795260      -0.179129054564471      -0.499573780760496     
  -1.35589892810564      -4.745021846133041E-002 -2.681169985804884E-002
  0.708150897817019        1.27079599068678        1.14731418091977     
   1.27322115927603      -0.775078504082205      -0.225291397890052     
  0.560845370850043        1.33650758746116      -0.213469686793226     
  9.872170176368572E-002   2.58486177205895       0.711015686821168     
  0.597962285714397       0.432924262727174       -1.63020418502837     
  -1.75627641520690        1.64726772180510        1.37728038669798     
  0.170746310266740       0.715743006519520      -0.436064115966294     
  -2.51918853807787       6.547759554910222E-002  0.480262420824470     
  0.215208924122651       -1.22111511876652       5.251883827977207E-002
   2.56281948675101      -0.126214656486722      -0.753395998048371     
  0.193242871345240      -0.173986699373978       7.747351079403220E-002
  -1.25483756167696       7.168795355107577E-002  -1.25635671894413     
 -0.394593699015985      -0.580798279769760      -4.305437078706531E-002
 -0.274440417067460      -0.556071819513102      -0.158813286594918     
  0.813116622313552       0.634182234769085      -0.150015457628547     
 -0.790024349065285      -4.724349872033472E-002  0.505261396324723     
  -1.59003387629322       0.708908303432821       -2.16788387830062     
  0.943081251173136       0.563616143506150       -1.02819440581495     
  0.965519692830177       -2.07313749495757      -0.200690358204233     
  0.117298472219002        1.76675119722242       0.531690324535477     
 -0.329101056207639       0.404973195724920      -0.120468280338983     
   1.04712406805319        1.50018382635888       -1.08506592197499     
   2.31537656230101      -0.663366795581994        1.53951853266062     
  -2.15709880616593       0.393371934893436      -0.700695048115312     
  0.579259873003538       0.134550039612736       5.505076681776287E-003
  0.394369314245092       0.317302598149201      -0.798625149973747     
  0.175621392925596       0.286093204183985       -1.11279268936370     
   1.26830933117432       -1.08764179342698      -0.143011172300200     
  0.356055977171057        1.00000000000000        1.00000000000000     
   1.00000000000000        1.00000000000000        1.00000000000000     
   1.00000000000000        1.00000000000000        1.00000000000000     
   1.00000000000000        1.00000000000000        1.00000000000000     
   1.00000000000000        1.00000000000000        1.00000000000000     
   1.00000000000000        1.00000000000000        1.00000000000000     
   1.00000000000000        1.00000000000000        1.00000000000000     
   1.00000000000000        1.00000000000000        1.00000000000000     
   1.00000000000000        1.00000000000000        1.00000000000000     
   1.00000000000000        1.00000000000000        1.00000000000000     
   1.00000000000000        1.00000000000000        1.00000000000000     
   1.00000000000000        1.00000000000000        1.00000000000000     
   1.00000000000000        1.00000000000000        1.00000000000000     
   1.00000000000000        1.00000000000000        1.00000000000000     
   1.00000000000000        1.00000000000000        1.00000000000000     
   1.00000000000000        1.00000000000000        1.00000000000000     
   1.00000000000000        1.00000000000000        1.00000000000000     
   1.00000000000000        1.00000000000000        1.00000000000000     
   1.00000000000000        1.00000000000000        1.00000000000000     
   1.00000000000000        1.00000000000000        1.00000000000000     
   1.00000000000000        1.00000000000000        1.00000000000000     
   1.00000000000000        1.00000000000000        1.00000000000000     
   1.00000000000000        1.00000000000000        1.00000000000000     
   1.00000000000000        1.00000000000000        1.00000000000000     
   1.00000000000000        1.00000000000000        1.00000000000000     
   1.00000000000000        1.00000000000000        1.00000000000000     
   1.00000000000000        1.00000000000000        1.00000000000000     
   1.00000000000000        1.00000000000000        1.00000000000000     
   1.00000000000000        1.00000000000000        1.00000000000000     
   1.00000000000000        1.00000000000000        1.00000000000000     
   1.00000000000000        1.00000000000000        1.00000000000000     
   1.00000000000000        1.00000000000000        1.00000000000000     
   1.00000000000000        1.00000000000000        1.00000000000000     
   1.00000000000000        1.00000000000000      -0.704882494930570     
 -0.754652293756501      -0.167206495793289       0.850990783034468     
  0.310801110455638      -0.823016225171509      -0.345724200649719     
  0.784732015768240        2.82835414831789        2.47347401403939     
   3.14801096075571        2.41242092030643      -0.617068379653995     
  -1.87786473831116      -0.651524111006549       -2.08950178387293     
  0.809459925640877       0.863226384830507        1.72270158314878     
  0.241749183068242       0.525497784923131       0.800662221988691     
   1.35236813416558       0.375444523506729       0.415692563193696     
  0.343643970181400        2.89185268321949        1.52054427633539     
   2.05069526675890        2.65752579685959        2.89414309442367     
   1.77050713830053       0.103298707849051       0.705988761648992     
  0.578194945307254       0.285751730587358       0.400684708313182     
  -1.67332052448580      -0.546518304176008       -2.83289624528622     
 -0.508446466669811       0.728072570891190        1.11537326938121     
  0.494767143968673       0.443221989857864        1.09306959743022     
  0.665833876169565       -1.76765913653038      -0.823888364043795     
  0.117109589229896       0.355543163924057        2.83016295264542     
   1.84192818446201        1.69992265392601        1.19135108405826     
   1.85814944682903        2.45041756571134        3.30047720060088     
   2.14827074812801        1.01250497172706      -0.114006767134141     
 -0.123274578544982       0.537814339971770        2.20948678430869     
  6.306778757537190E-002  -1.05148970460795      -0.852306496134862     
  -1.15770044614845      -6.225753791749722E-002  0.437479251685936     
  0.249679069056703      -0.354931266028922      -0.327494603946052     
  -1.38677186234795        1.32175643007829        2.23429866797724     
  0.759909852346350        1.38849392868449        2.26199790783472     
   1.61662434732995        3.47644855804543       0.952936575160390     
  -2.61506673530152      -0.896524382394586        1.24952436606992     
  -1.10543999514774       0.729005678983636      -0.239362560348586     
  -1.63748259334424       -2.04799206834373       -1.48070662490942     
  -2.73638480593915       -3.35468398124786      -0.681919707653228     
 -0.743953748304743      -0.218732872721169       0.550631634787369     
 -0.496994212251424        1.91620040242158        2.28953258428186     
  -1.99231138341357      -0.824006033537847       0.710371481711298     
  0.242486833391703       0.290415698228465       0.829392336230793     
   2.21901005237850        2.29978349716539        1.62247803349186     
 -0.255529265284829       -1.54803481735034       -2.97984588976132     
  -3.40507820621274       -2.93980158459630       -1.35931120891888     
   1.45955469002797        1.60636600881687        1.66754984902728     
  0.402064659558085        2.70248381012728        2.33065158756921     
   3.02076711102198        1.19754223437248      -2.942822472477979E-002
   2.37537643895541        3.61487515486221        2.15599559640998     
   2.50695076690864        1.16419678267411       -1.25916757098745     
 -3.271292161565142E-002 -0.243515089482850       0.272733670829276     
   1.48419239073783       0.867106076891978      -0.315066879140740     
 -0.791611422327279      -0.991596045876588       -1.66344373906250     
 -0.327719705165176      -0.149306591510498       0.840137846496819     
  -1.21296740029792       0.245374967854618       0.198386509413752     
 -5.736612518361381E-002  4.743837324592332E-002  0.205940181128818     
 -0.196332199927814       0.130554350687951       0.953344686571109     
 -0.452725152824836       -2.10872876703276      -0.696953095879276     
 -0.604748732031945       -1.68565617299957       0.271557516724232     
  -1.81664458864232       -2.91057883416926       -2.45008694700107     
  -2.31325297318220       -1.40112816216284       -1.09589026507103     
  -1.55762557510444       -2.00052861217372       -1.13816404147794     
   1.15218390139388       0.750082488247378       -1.17659258259084     
  3.933399603863019E-002 -3.606267654294486E-002 -0.123941629958360     
  -1.47134442277428      -0.932714152819778      -0.930200236767171     
 -0.422720197051961      -0.756624946028830      -0.160245583613372     
  -1.45447224748545      -0.248221170548594       -1.33846293403391     
  -1.31579003090558      -0.114369671288381        1.13320472914760     
   2.05374788320303       0.940833844337727      -0.600797527536632     
  -1.08332494813310       -1.76979914320710       -2.32123634499680     
  -1.74499567869920       -1.39672021962968        1.48373182415527     
 -0.182362315545988       -1.74335312512653      -0.440044240524838     
 -0.960978741386518       0.929788611759759        2.95873198985284     
   3.45264409639013       0.928797556147575       0.723127624309966     
   1.72572926398863      -0.815324618941016       7.125214063015872E-002
 -0.495037350785792       -1.65370815713989      -0.228419220320023     
  -1.01231729036486        1.10064962229305        2.27914727699933     
   2.32648376982190        2.44372609473648       0.299837284077765     
 -0.268513386619159       -1.07341396432760      -0.336471962063601     
  0.231444098871557      -0.446298615244609       0.427948432084342     
  0.906763335464297        2.10482190476448        2.20441343103753     
   1.05501054323955      -0.649713507771435       0.832768284231706     
   1.73086730369102        1.12871603350805        1.54919133682698     
   1.34431245922361        1.07267621036365        2.62445593099453     
   2.72537754805307        1.25077951010213      -0.533746020704766     
  0.666994696352416       0.619045307458341        2.59912842212850     
  0.893257754130089        2.37414824342262        1.04368726272626     
  0.877572421376403        2.55504167155065        2.03310719704261     
   2.24374752421781       0.847228350747887      -0.914494782870121     
  0.423564069702530       0.892940699931917       0.187374969253173     
  0.204722946710560       -1.28899895907255       0.373348035346894     
  0.827693183567261       0.944027521862681       -1.22521104801391     
  0.666985434360071       0.966993158446984        2.77279737415187     
   3.14236627643348       0.508524006230392       0.296157737835894     
  -1.31846371001431       -1.34735297489834      -0.801661976005275     
 -6.987853675658934E-002 -0.489137052979363       -1.54518132258731     
 -0.386693547430505        1.10795830265401       0.863953012633586     
  6.406233106292736E-002 -0.665646422656012       -1.60379702031177     
 -0.994164121095638      -0.672864809241650      -0.253147827374787     
 -0.853030624768792       0.337258885258441        2.51391290604215     
   1.64122070314993        1.50202067710657        1.06130688105485     
  4.269799946206548E-002 -0.343583564591093       0.895826740310216     
 -0.363796959551645        3.69937174972698       0.846945037034218     
  0.338784451093146      -7.146093976904555E-002   1.73593017613217     
  -2.69193271109776       -1.97314530253962       -3.03105734199950     
 -0.412447181459362        1.26857859752154        1.17795189617046     
   1.68063497135911       0.673570843034590      -1.075187196357041E-002
 -0.771100733339505       -2.86356215012430       5.073980824546442E-002
 -0.215386891646945      -0.168356309304434      -0.527798551141489     
  0.287649761627894        1.66112231549765        2.31372768705125     
   1.14307626335244       0.682321783345780       -1.28811211204362     
  -3.56298362384055       -1.19677126646108       -1.41332314191907     
  0.834981813266901        1.93687128711939        2.13512324682762     
  0.342851010725274        1.06896555706083        2.40394000607512     
   1.95850998142123        1.31323407126979       0.574958690582710     
   1.23876904704138        2.32307095627418        2.09858222618156     
   1.48311517689577        1.51576876184776       0.200320278810929     
  7.170435542010301E-002  0.168161222429141        2.15848832068513     
   1.10614628673235      -0.759808526170579        1.07532125158963     
  0.212507861560023       0.157203349075057       -2.59354029846298     
 -0.641286694345906      -0.566265852740814       0.342277253651976     
  -1.04041219130811       -1.27264532166997       0.310204258323240     
 -0.425925945299539      -0.521209824423071       0.278891013373413     
  0.639682966183474      -0.714126125233311      -0.272742740092112     
 -0.386713471290819       -1.62136395035297       -1.65471598067015     
  -2.19206125166139       -1.12810257241148       -1.20795619496318     
  -3.00469967947190       -4.83742972857877       -4.76599368436039     
  -4.43825574298907       -1.76752048836107       0.637854525560441     
  8.069843058108672E-002  -1.58628451524137       -3.08179859470315     
  -3.23606433352313       -3.55550302267091       -1.31384698539675     
 -0.498867844864145      -0.727169199297199       -2.31636328139872     
  -1.17642503743747      -0.758056753530180        1.47279909673469     
  0.548767061220488       0.242647361118343       3.443635397738228E-002
 -0.623494235454532      -9.501842991915710E-002 -0.280910266490627     
  -1.10622960157005       0.470168462076040       0.434136669780350     
  0.673181877333459        1.01859391985703      -0.319322010207480     
  -1.63261505850868       0.366920528203119       -2.01008463566127     
  -2.10013026038722      -0.817407384621414      -0.261852753226195     
  -1.55895030264849      -0.350944185898477       9.419542198761288E-003
  0.243921142409075        1.63254626563863        4.03594436342763     
  -1.18813386666583       -1.55742949304755      -0.303779016898542     
 -0.383902551511626      -0.206116418395107       0.700437889870006     
  0.439883530496091        1.27103868607580      -0.911246461388761     
  0.730469787878918      -0.278242718222623      -0.708370190011525     
 -0.711234226082837       0.926215866605634      -0.411334357765343     
  0.768934164039265        1.20756918714213       0.346334940989905     
 -0.266316940788511        1.86000281155933      -0.156055549178376     
 -0.443098932796395       -1.07340950639988       -2.07716613002744     
 -4.316769191884023E-002  0.696832222873215       8.332108514663678E-003
  0.299363229371950        1.33983302389260        1.28885929983108     
  0.155232562466388       -2.70472540719270       -3.18835158556337     
 -0.693521737963538      -0.775547708844683      -0.649512439978105     
 -0.530275811850421       -1.58764155924500       -1.36321948466071     
  0.268088857695456      -0.921692562682207        1.17109856820612     
 -0.595109026782699        1.06993999266461      -0.559009057591109     
  0.554068687301361       5.514068325019195E-002 -0.218540134811646     
 -0.160056285058921       0.943862475072870       0.715416753902947     
  0.870988142709967        1.31971106058996        1.01312520004037     
   1.42876746469388       0.242137802686872      -0.982075182700886     
  0.544405605295009        1.99716778923392      -0.302328634251332     
   1.97449827916248       -1.26042741754112       0.979629996987305     
  0.196557086039236      -0.206899545959675       4.508060108141602E-002
  0.234517153138166       0.425414676791479       0.620065177831839     
  0.506212359555893        2.57542636335458       -1.05238048663896     
  0.570534705843737      -0.151307838175534       -1.21498631613390     
 -0.816336062292169        1.18374856910787      -0.244461206692662     
 -0.600777259191566       0.231931049897446       0.246186779803210     
  0.340493816936955       0.203880336368043        1.23761163230208     
  6.874215946164219E-003 -0.304361634016307      -0.152879896738667     
  5.590635712289969E-002  -1.26539212814394       0.176206469511041     
 -0.286293260835863      -0.401365599532528      -0.398433594451776     
  0.240053761832765      -0.415477012531284      -0.499440101616320     
  0.446331095088701      -0.697870969448968      -0.677899574749974     
  -1.23086612993470      -0.890807891833351       -2.21836051088392     
  -2.62243125185932       -3.03976258752027       -1.73752622973755     
  0.827085490964387       0.176125860825834      -0.164934857734315     
 -0.258021774670919      -3.620110860590078E-002 -0.405523897536073     
  0.352034640799318       0.597551120073609      -0.219295510813515     
  -1.66256557576654       0.319698981054020      -0.113198034278300     
  -1.03534111312673      -0.792913968238789       1.402938643773055E-002
 -0.953966583577566      -0.948575318249065      -0.612081007879081     
  -1.09906372386608       -1.08194009064989        1.89998330941305     
  0.573291452338296       -1.27877217524600        1.20616189984440     
 -0.643118658573365       -1.09206286499662       -2.00842552389786     
  -2.33057612038678       -2.62222809942557      -0.626735515559100     
  -1.13570063715056      -0.755496858218961      -0.406928150702945     
  0.279859024897847      -0.597938598150916       0.374664941133419     
  0.846553504606665        1.49974810882486      -5.416205925907969E-003
 -0.450491736760440       -1.66253901664245       -1.70466585982290     
  -1.04824519676290      -0.262204634722417       0.145275154918616     
  4.922544024406895E-002 -0.380659370784771      -0.204202807797799     
   1.07602854102581      -0.712933477239849       -2.15790685612529     
  0.150910194438489      -0.476909600215603       0.461285718000585     
 -0.179354480514703       -1.32080410580751      -0.265517942187280     
 -0.322116284121980       -2.25347930768213       -3.00290583133677     
  -1.40490686973057       -2.77598273881808      -0.605848621856859     
 -0.204255303816739      -0.354004875123479      -0.464769697441346     
 -0.938780606753373       0.463427034298128      -0.369552482617066     
 -0.965143865069798       0.246174215555532       0.412994266044596     
  0.882877284236922       0.594502683677763       -2.41869182843102     
  -1.95014019183720      -0.421659393726015      -0.933867788368776     
 -0.765218421594059       0.720960174032719       -1.19112892320674     
  0.535080691212166       -1.25163362762002       -2.56874312309603     
  -2.36570221390987       -2.11801573933865       -2.08129845562998     
  -2.81403087367830      -2.026487375946351E-002 -0.378096719531655     
  0.617777214203157       4.401443877993411E-002   1.14724252000109     
   1.42956787455554      -0.898196809251797      -0.212121655843351     
 -0.321844177016163       0.908401018703431       0.127851137153893     
  0.102212403943645      -0.649070681813034      -0.775613852397206     
 -0.663238523548082      -0.647424901602228      -5.374062917574598E-002
   1.10848883713174        2.92782310823723       -1.28062750652797     
  0.106985123692052       0.754972434619978       0.112050143651603     
   1.34784365322609       1.959843822593400E-002   2.02752272835256     
   2.27971366007707       0.690740481482516      -0.840284555613873     
 -0.590783996625622       -1.35714837208914       -1.65022556170163     
 -0.869965100628826       0.122807347926849        1.38121395031807     
  -1.23606710059215      -0.401412456554702        1.05930281489514     
  -1.46002720151736       -1.25241689776771        1.67249196029549     
  0.324016245976756       0.179973986794169       0.799983704661960     
 -7.410820015980098E-002 -0.195713376426097       -1.04338019245667     
  -1.30427277099638      -0.145916732818868      -0.359857405666052     
  -1.63360592361248      -1.491711450912597E-002  0.451073543507406     
 -0.715452045191839      -0.590408650169997       0.200614694114380     
  0.275908867418209       -1.59558744278871      -0.511002686242913     
 -0.172682329191585      -4.738101929682164E-002   1.23550658063864     
   1.45881240743825      -6.140047697880527E-002  0.577585199337950     
 -0.622587664705792        1.92043691371121       0.537453146726323     
  0.457228074886046       -1.42076796508980       1.630290659670070E-002
  0.711062503316965       0.694341780271131      -0.523500727082443     
 -0.382207642256938       6.675425847482613E-002  0.920430158803660     
 -9.901986947077551E-002 -0.568530671694906       -2.59860450799585     
   1.02032121305726       -1.58561890051260       5.931578392020054E-002
  0.990582640015409       0.739385719450763      -0.898924586799006     
  -1.34087865902431        1.74956400472740       0.705374997392227     
  -1.79772491524429       -1.16257034866034       0.879514330623218     
   1.21999766161910      -5.760084078023745E-002  0.846682127664543     
 -0.419742856080214      -0.624724953586294      -0.299335601670521     
   1.61370688940185       0.502891346252308       -1.43667863315109     
  0.484631204327043       0.745957385722987      -0.340475993040623     
  0.551128087195260      -0.130401036006923       -1.33870589280902     
   1.00000000000000        1.00000000000000        1.00000000000000     
   1.00000000000000        1.00000000000000        1.00000000000000     
   1.00000000000000        1.00000000000000        1.00000000000000     
   1.00000000000000        1.00000000000000        1.00000000000000     
   1.00000000000000        1.00000000000000        1.00000000000000     
   1.00000000000000        1.00000000000000        1.00000000000000     
   1.00000000000000        1.00000000000000        1.00000000000000     
   1.00000000000000        1.00000000000000        1.00000000000000     
   1.00000000000000        1.00000000000000        1.00000000000000     
   1.00000000000000        1.00000000000000        1.00000000000000     
   1.00000000000000        1.00000000000000        1.00000000000000     
   1.00000000000000        1.00000000000000        1.00000000000000     
   1.00000000000000        1.00000000000000        1.00000000000000     
   1.00000000000000        1.00000000000000        1.00000000000000     
   1.00000000000000        1.00000000000000        1.00000000000000     
   1.00000000000000        1.00000000000000        1.00000000000000     
   1.00000000000000        1.00000000000000        1.00000000000000     
   1.00000000000000        1.00000000000000        1.00000000000000     
   1.00000000000000        1.00000000000000        1.00000000000000     
   1.00000000000000        1.00000000000000        1.00000000000000     
   1.00000000000000        1.00000000000000        1.00000000000000     
   1.00000000000000        1.00000000000000        1.00000000000000     
   1.00000000000000        1.00000000000000        1.00000000000000     
   1.00000000000000        1.00000000000000        1.00000000000000     
   1.00000000000000        1.00000000000000        1.00000000000000     
   1.00000000000000        1.00000000000000        1.00000000000000     
   1.00000000000000        1.00000000000000        1.00000000000000     
   1.00000000000000        1.00000000000000        1.00000000000000     
   1.00000000000000        1.00000000000000        1.00000000000000     
   1.00000000000000        1.00000000000000        1.00000000000000     
   1.00000000000000        1.00000000000000        1.00000000000000     
   1.00000000000000        1.00000000000000        1.00000000000000     
   1.00000000000000        1.00000000000000        1.00000000000000     
   1.00000000000000     
